583057248
1076540941
434149056
1773928252
35825093
1448253593
1690366306
856111746
747499561
92705907
1650882365
1176019986
876341151
1497014516
895679605
535146656
1110869624
438464930
502778087
1237127264
70740204
1571699021
1676676041
948661426
69599125
1571102878
1657848390
1299140682
594786776
667541917
1659504783
881978119
1626391417
181579599
317329250
12921614
872596653
872596653
538478726
538478726
538478726
538478726
538478726
1300632581
1300632581
1300632581
1300632581
1300632581
1300632581
1300632581
1300632581
1300632581
1300632581
1300632581
1300632581
1300632581
1300632581
1300632581
1300632581
1300632581
1300632581
1300632581
1300632581
1300632581
1300632581
1300632581
1300632581
1300632581
1300632581
1300632581
1300632581
1300632581
1300632581
1300632581
1300632581
1300632581
1300632581
1300632581
1300632581
1300632581
1300632581
1300632581
1300632581
1300632581
1300632581
1300632581
1300632581
1300632581
1300632581
1300632581
1300632581
1300632581
1300632581
1300632581
1300632581
1300632581
1300632581
1300632581
1300632581
1300632581
1300632581
1300632581
1300632581
1300632581
1300632581
1300632581
1300632581
1300632581
1300632581
1300632581
1300632581
1300632581
1300632581
1300632581
1300632581
1300632581
1300632581
1300632581
1300632581
1300632581
1300632581
1300632581
1300632581
1300632581
1300632581
1300632581
1300632581
1300632581
1300632581
1300632581
1300632581
1300632581
1300632581
1300632581
1300632581
1300632581
1300632581
1300632581
1300632581
1300632581
1300632581
1300632581
1300632581
1300632581
1300632581
1300632581
1300632581
1300632581
1300632581
1300632581
1300632581
1300632581
1300632581
1300632581
1300632581
2078777599
2078777599
2078777599
2078777599
2078777599
2078777599
2078777599
2078777599
2078777599
2078777599
2078777599
2078777599
2078777599
2078777599
2078777599
2078777599
2078777599
2078777599
2078777599
2078777599
2078777599
2078777599
2078777599
2078777599
2078777599
2078777599
2078777599
2078777599
2078777599
2078777599
2078777599
2078777599
2078777599
2078777599
2078777599
2078777599
2078777599
2078777599
2078777599
2078777599
2078777599
2078777599
2078777599
2078777599
2078777599
2078777599
2078777599
2078777599
2078777599
2078777599
2078777599
2078777599
2078777599
2078777599
2078777599
2078777599
2078777599
2078777599
2078777599
2078777599
2078777599
2078777599
2078777599
2078777599
2078777599
2078777599
2078777599
2078777599
2078777599
2078777599
2078777599
2078777599
2078777599
2078777599
2078777599
2078777599
2078777599
2078777599
2078777599
2078777599
2078777599
2078777599
2078777599
2078777599
2078777599
2078777599
2078777599
2078777599
2078777599
2078777599
2078777599
2078777599
2078777599
2078777599
2078777599
2078777599
2078777599
2078777599
2078777599
2078777599
2078777599
2078777599
2078777599
2078777599
2078777599
2078777599
2078777599
2078777599
2078777599
2078777599
2078777599
2078777599
2078777599
2078777599
2078777599
2078777599
2078777599
2078777599
2078777599
2078777599
2078777599
2078777599
2078777599
2078777599
2078777599
2078777599
2078777599
703819180
703819180
703819180
703819180
703819180
703819180
703819180
703819180
703819180
703819180
703819180
703819180
703819180
703819180
703819180
703819180
703819180
703819180
703819180
703819180
703819180
703819180
703819180
703819180
703819180
703819180
703819180
703819180
703819180
703819180
703819180
703819180
703819180
703819180
703819180
703819180
703819180
703819180
703819180
703819180
703819180
703819180
703819180
703819180
703819180
703819180
703819180
703819180
703819180
703819180
703819180
703819180
703819180
703819180
703819180
703819180
703819180
703819180
703819180
703819180
703819180
703819180
703819180
703819180
703819180
703819180
703819180
703819180
703819180
703819180
703819180
703819180
703819180
703819180
703819180
703819180
703819180
703819180
703819180
703819180
703819180
703819180
703819180
703819180
703819180
703819180
703819180
703819180
703819180
703819180
703819180
703819180
703819180
703819180
1461356160
1461356160
1461356160
1461356160
1461356160
1461356160
1461356160
1461356160
1461356160
1461356160
1461356160
1461356160
1461356160
1461356160
1461356160
1461356160
1461356160
1461356160
1461356160
1461356160
1461356160
1461356160
1461356160
1461356160
1461356160
1461356160
1461356160
1461356160
1461356160
1461356160
1461356160
1461356160
1461356160
1461356160
1461356160
1461356160
1461356160
1461356160
1461356160
1461356160
1461356160
1461356160
1461356160
1461356160
1461356160
1461356160
1461356160
1461356160
1461356160
1461356160
1461356160
1461356160
1461356160
1461356160
1461356160
1461356160
1461356160
1461356160
1461356160
1461356160
1461356160
1461356160
1461356160
1461356160
1461356160
1461356160
1461356160
1461356160
1461356160
1461356160
1461356160
1461356160
1461356160
1461356160
1461356160
1461356160
1461356160
1461356160
1461356160
1461356160
1461356160
1461356160
1461356160
1461356160
1461356160
1461356160
1461356160
1461356160
1461356160
1461356160
1461356160
1461356160
1461356160
1461356160
1461356160
1461356160
1461356160
1461356160
1461356160
1461356160
1461356160
1461356160
1461356160
1461356160
1461356160
1461356160
1461356160
1461356160
1461356160
1461356160
1461356160
1461356160
1461356160
1461356160
1461356160
1461356160
1461356160
1461356160
1461356160
1461356160
1461356160
1157238536
1157238536
1157238536
1157238536
1157238536
1157238536
1157238536
1157238536
1157238536
1157238536
1157238536
1157238536
1157238536
1157238536
1157238536
1157238536
1157238536
1157238536
1157238536
1157238536
1157238536
1157238536
1157238536
1157238536
1157238536
1157238536
1157238536
1157238536
1157238536
1157238536
1157238536
1157238536
1157238536
1157238536
1157238536
1157238536
1157238536
1157238536
1157238536
1157238536
1157238536
1157238536
1157238536
1157238536
1157238536
1157238536
1157238536
1157238536
1157238536
1157238536
1157238536
1157238536
1157238536
1157238536
1157238536
1157238536
1157238536
1157238536
1157238536
1132546694
1132546694
1132546694
1132546694
1132546694
1132546694
1132546694
1132546694
1132546694
1132546694
1132546694
1132546694
1132546694
1132546694
1132546694
1132546694
1132546694
1132546694
1132546694
1132546694
1132546694
1132546694
1132546694
1132546694
1132546694
1132546694
1132546694
1132546694
1132546694
1132546694
1132546694
1132546694
1132546694
1132546694
1132546694
1132546694
1132546694
1132546694
1132546694
1132546694
1132546694
1132546694
1132546694
1132546694
1132546694
1132546694
1132546694
1132546694
1132546694
1132546694
1132546694
1132546694
1132546694
1132546694
1132546694
1132546694
1132546694
1132546694
1132546694
1132546694
1132546694
1132546694
1132546694
1132546694
1132546694
1132546694
1132546694
1132546694
1132546694
1132546694
1132546694
1132546694
1132546694
1132546694
1132546694
1132546694
1132546694
1132546694
1132546694
1132546694
1132546694
1132546694
1132546694
1132546694
1132546694
1132546694
1132546694
1132546694
1132546694
1132546694
1132546694
1132546694
1132546694
1132546694
1132546694
1132546694
1132546694
1132546694
1132546694
1132546694
1132546694
1132546694
1132546694
1132546694
1132546694
1132546694
1132546694
1132546694
1132546694
1132546694
1132546694
1132546694
1132546694
1132546694
1132546694
1132546694
1132546694
1132546694
1132546694
1132546694
1132546694
1132546694
1132546694
1132546694
1132546694
1132546694
1132546694
1885987226
1885987226
1885987226
1885987226
1885987226
1885987226
1885987226
1885987226
1885987226
1885987226
1885987226
1885987226
1885987226
1885987226
1885987226
1885987226
1885987226
1885987226
1885987226
1885987226
1885987226
1885987226
1885987226
1885987226
1885987226
1885987226
1885987226
1885987226
1885987226
1885987226
1885987226
1885987226
1885987226
1885987226
1885987226
1885987226
1885987226
1885987226
1885987226
1885987226
1885987226
1885987226
1885987226
1885987226
1885987226
1885987226
1885987226
1885987226
1885987226
1885987226
1885987226
1885987226
1885987226
1885987226
1885987226
1885987226
1885987226
1885987226
1885987226
1885987226
1885987226
1885987226
1885987226
1885987226
1885987226
1885987226
1885987226
1885987226
1885987226
1885987226
1885987226
1885987226
1885987226
1885987226
1885987226
1885987226
1885987226
1885987226
1885987226
1885987226
1885987226
1885987226
1885987226
1885987226
1885987226
1885987226
1885987226
1885987226
1885987226
1885987226
1885987226
1885987226
1885987226
1885987226
1885987226
1885987226
1885987226
1885987226
1885987226
1885987226
1885987226
1885987226
1885987226
1885987226
1885987226
1885987226
1885987226
1885987226
1885987226
1885987226
1885987226
1885987226
1885987226
1885987226
506350274
506350274
506350274
506350274
506350274
506350274
506350274
506350274
506350274
506350274
506350274
506350274
506350274
506350274
506350274
506350274
506350274
506350274
506350274
506350274
506350274
506350274
506350274
506350274
506350274
506350274
506350274
506350274
506350274
506350274
506350274
506350274
506350274
506350274
506350274
506350274
506350274
506350274
506350274
506350274
506350274
506350274
506350274
506350274
506350274
506350274
506350274
506350274
506350274
506350274
506350274
506350274
506350274
506350274
506350274
506350274
506350274
506350274
506350274
506350274
506350274
506350274
506350274
506350274
506350274
506350274
506350274
506350274
506350274
506350274
506350274
506350274
506350274
506350274
506350274
506350274
506350274
506350274
506350274
1289896646
1289896646
1289896646
1289896646
1289896646
1289896646
1289896646
1289896646
1289896646
1289896646
1289896646
1681179879
1681179879
1681179879
1681179879
304366043
304366043
304366043
304366043
304366043
304366043
304366043
304366043
304366043
304366043
304366043
304366043
304366043
304366043
304366043
304366043
304366043
304366043
304366043
304366043
304366043
304366043
304366043
304366043
304366043
304366043
304366043
304366043
304366043
304366043
304366043
304366043
304366043
304366043
304366043
304366043
304366043
304366043
304366043
304366043
304366043
304366043
304366043
304366043
304366043
304366043
304366043
304366043
304366043
2145936031
2145936031
2145936031
2145936031
2145936031
2145936031
2145936031
2145936031
2145936031
2145936031
2145936031
2145936031
2145936031
2145936031
2145936031
2145936031
2145936031
2145936031
2145936031
2145936031
2145936031
2145936031
2145936031
2145936031
2145936031
2145936031
2145936031
2145936031
2145936031
2145936031
2145936031
2145936031
2145936031
2145936031
2145936031
2145936031
2145936031
2145936031
2145936031
2145936031
2145936031
2145936031
2145936031
2145936031
2145936031
2145936031
2145936031
2145936031
2145936031
2145936031
2145936031
2145936031
2145936031
2145936031
2145936031
2145936031
2145936031
2145936031
2145936031
2145936031
2145936031
2145936031
2145936031
2145936031
2145936031
2145936031
2145936031
2145936031
2145936031
2145936031
2145936031
957313282
1634872659
651789107
461774458
461774458
461774458
461774458
144871975
